segments:
  - duration: 4.0
    coeffs:
      x: [0.0, 0.0, 0.0, 0.3125, -0.1171875, 0.01171875]
      y: [0.0]
      z: [-5.0]
      yaw: [0.0]
